{
  "true_positive": 502,
  "true_negative": 5794,
  "false_positive": 190,
  "false_negative": 367,
  "undetermined": 22,
  "put_failed": 216,
  "ref_failed": 10,
  "variant_failed": 10336,
  "precision": 0.7254335260115607,
  "recall": 0.5776754890678941,
  "f1_score": 0.6431774503523383
}