{
  "true_positive": 502,
  "true_negative": 5791,
  "false_positive": 190,
  "false_negative": 367,
  "undetermined": 22,
  "put_failed": 219,
  "ref_failed": 10,
  "variant_failed": 10333,
  "precision": 0.7254335260115607,
  "recall": 0.5776754890678941,
  "f1_score": 0.6431774503523383,
  "total_inputs": 7101,
  "ratio_put_var_disagree": 0.10389988358556461,
  "ratio_input_no_error": 0.9677510209829602
}