{
  "true_positive": 904,
  "true_negative": 2813,
  "false_positive": 2583,
  "false_negative": 155,
  "undetermined": 90,
  "put_failed": 434,
  "ref_failed": 122,
  "variant_failed": 1530,
  "precision": 0.2592486377975337,
  "recall": 0.8536355051935789,
  "f1_score": 0.3977122745270568
}