{
  "true_positive": 63,
  "true_negative": 495,
  "false_positive": 31,
  "false_negative": 52,
  "undetermined": 10,
  "put_failed": 181,
  "ref_failed": 0,
  "variant_failed": 1063,
  "invalid_input_format": 48,
  "put_variant_different": 104,
  "total_inputs": 1357,
  "precision": 0.6702127659574468,
  "recall": 0.5478260869565217,
  "f1_score": 0.6028708133971291,
  "ratio_put_var_disagree": 0.08843537414965986,
  "ratio_input_no_error": 0.866617538688283
}